RetrieveGameType 10 10
Team Blue 0 0 1
Team Red 1 0 0
Team Green 0 1 0
Team Yellow 1 1 0
LevelName "Quad Damage"
GridSize 350
LoadoutZone 0 -2.6 -0.7 -3.4 -0.7 -3.4 -0.4 -2.6 -0.4
Spawn 0 -3.2 -1.2
FlagItem -1 1.5 7.5
GoalZone 0 1.2 -3.4 1.8 -3.4 1.7 -3.9 1.3 -3.9
BarrierMaker -3.4817 -1.51092 -2.4817 -1.51093 -2.4817 -0.31093 -2.5817 -0.31092 -2.6817 0.28907 -3.2817 0.28907 -3.3817 -0.31093 -3.4817 -0.31092 -3.4817 -1.51092
Teleporter -3 0 0.9 1.7
BarrierMaker 0.5 7 1 6.5
BarrierMaker -2.5 3.5 -2.5 3.5 0.5 0.5 0.5 -0.5 0 -1.5 0 -2.5 0.5 -3.5 1 -3.5 1.1 -4 1.2 -4 1.2 -4.5 1.8 -4.5 1.8 -4 1.9 -4 2 -3.5 2.5 -3.5 3 -2.5 3 -1.5 2.5 -0.5 2.5 0.5 5.5 3.5
BarrierMaker 1.5 -0.2 1.5 0.7 1.3 0.9 1.3 1.2
BarrierMaker 0.9 -1.2 1.5 -1.5
BarrierMaker 2.5 -2.6 2.1 -2.4
BarrierMaker 2 -2.8 1.2 -2.8
BarrierMaker 0.799999 -3.2 0.799999 -2.6
BarrierMaker -1.5 3.5 -1.5 3.4 0.4 1.5 0.5 1.5 0.5 3.5 -1.5 3.5
BarrierMaker 2.5 1.5 2.5 3.5 4.5 3.5 4.5 3.4 2.6 1.5 2.5 1.5
Teleporter 1.5 -4.2 2.6 10
BarrierMaker 1 5.5 2 5.5 2.3 5.8 2.5 5.8 3 5.3
BarrierMaker 0 5.5 0 5.1 -0.5 5.1 -0.5 4.5
BarrierMaker 0.4 4.5 0.800001 4.9 1.2 4.9 1.6 4.5
BarrierMaker 1.9 3.9 2.7 4.7 2.9 4.7 3.5 4.1
Spawn 0 -2.8 -1.2
Spawn 0 -3 -1
Spawn 0 -2.8 -0.9
Spawn 0 -3.2 -0.9
BarrierMaker 1.4 1.7 1.6 1.7 1.8 1.9 1.8 2.1 1.6 2.3 1.4 2.3 1.2 2.1 1.2 1.9 1.4 1.7
BarrierMaker 1.2 2.9 1.8 2.9 1.8 3 1.6 3.5 1.4 3.5 1.2 3 1.2 2.9
BarrierMaker 0.9 3.9 1 3.9 1.2 4.1 1.2 4.3 0.700001 4.3 0.700001 4.1 0.9 3.9
BarrierMaker 0.6 -2.1 1.1 -1.3
BarrierMaker 1.6 -2 2.4 -1.5
BarrierMaker 1.8 -0.8 2.2 -1.6
LoadoutZone 1 9.7 3.4 9.7 2.6 9.4 2.6 9.4 3.4
Spawn 1 10.2 2.8
GoalZone 1 12.4 7.2 12.4 7.8 12.9 7.7 12.9 7.3
BarrierMaker 10.5109 2.5183 10.5109 3.5183 9.31093 3.5183 9.31092 3.4183 8.71093 3.3183 8.71093 2.7183 9.31093 2.6183 9.31092 2.5183 10.5109 2.5183
Teleporter 9 3 7.3 6.9
BarrierMaker 2 6.5 2.5 7
BarrierMaker 5.5 3.5 5.5 3.5 8.5 6.5 9.5 6.5 10.5 6 11.5 6 12.5 6.5 12.5 7 13 7.1 13 7.2 13.5 7.2 13.5 7.8 13 7.8 13 7.9 12.5 8 12.5 8.5 11.5 9 10.5 9 9.5 8.5 8.5 8.5 5.5 11.5
BarrierMaker 9.2 7.5 8.3 7.5 8.1 7.3 7.8 7.3
BarrierMaker 10.2 6.9 10.5 7.5
BarrierMaker 11.6 8.5 11.4 8.1
BarrierMaker 11.8 8 11.8 7.2
BarrierMaker 12.2 6.8 11.6 6.8
BarrierMaker 5.5 4.5 5.6 4.5 7.5 6.4 7.5 6.5 5.5 6.5 5.5 4.5
BarrierMaker 7.5 8.5 5.5 8.5 5.5 10.5 5.6 10.5 7.5 8.6 7.5 8.5
Teleporter 13.2 7.5 -0.999999 8.6
BarrierMaker 3.5 7 3.5 8 3.2 8.3 3.2 8.5 3.7 9
BarrierMaker 3.5 6 3.9 6 3.9 5.5 4.5 5.5
BarrierMaker 4.5 6.4 4.1 6.8 4.1 7.2 4.5 7.6
BarrierMaker 5.1 7.9 4.3 8.7 4.3 8.9 4.9 9.5
Spawn 1 10.2 3.2
Spawn 1 10 3
Spawn 1 9.9 3.2
Spawn 1 9.9 2.8
BarrierMaker 7.3 7.4 7.3 7.6 7.1 7.8 6.9 7.8 6.7 7.6 6.7 7.4 6.9 7.2 7.1 7.2 7.3 7.4
BarrierMaker 6.1 7.2 6.1 7.8 6 7.8 5.5 7.6 5.5 7.4 6 7.2 6.1 7.2
BarrierMaker 5.1 6.9 5.1 7 4.9 7.2 4.7 7.2 4.7 6.7 4.9 6.7 5.1 6.9
BarrierMaker 11.1 6.6 10.3 7.1
BarrierMaker 11 7.6 10.5 8.4
BarrierMaker 9.8 7.8 10.6 8.2
LoadoutZone 2 5.6 15.7 6.4 15.7 6.4 15.4 5.6 15.4
Spawn 2 6.2 16.2
GoalZone 2 1.8 18.4 1.2 18.4 1.3 18.9 1.7 18.9
BarrierMaker 6.4817 16.5109 5.4817 16.5109 5.4817 15.3109 5.5817 15.3109 5.6817 14.7109 6.2817 14.7109 6.3817 15.3109 6.4817 15.3109 6.4817 16.5109
Teleporter 6 15 2.1 13.3
BarrierMaker 2.5 8 2 8.5
BarrierMaker 5.5 11.5 5.5 11.5 2.5 14.5 2.5 15.5 3 16.5 3 17.5 2.5 18.5 2 18.5 1.9 19 1.8 19 1.8 19.5 1.2 19.5 1.2 19 1.1 19 1 18.5 0.500001 18.5 9.53674e-007 17.5 9.53674e-007 16.5 0.5 15.5 0.500001 14.5 -2.5 11.5
BarrierMaker 1.5 15.2 1.5 14.3 1.7 14.1 1.7 13.8
BarrierMaker 2.1 16.2 1.5 16.5
BarrierMaker 0.500001 17.6 0.900002 17.4
BarrierMaker 1 17.8 1.8 17.8
BarrierMaker 2.2 18.2 2.2 17.6
BarrierMaker 4.5 11.5 4.5 11.6 2.6 13.5 2.5 13.5 2.5 11.5 4.5 11.5
BarrierMaker 0.500001 13.5 0.5 11.5 -1.5 11.5 -1.5 11.6 0.400002 13.5 0.500001 13.5
Teleporter 1.5 19.2 0.4 5
BarrierMaker 2 9.5 1 9.5 0.700002 9.2 0.5 9.2 1.90735e-006 9.7
BarrierMaker 3 9.5 3 9.9 3.5 9.9 3.5 10.5
BarrierMaker 2.6 10.5 2.2 10.1 1.8 10.1 1.4 10.5
BarrierMaker 1.1 11.1 0.300001 10.3 0.1 10.3 -0.499999 10.9
Spawn 2 5.8 16.2
Spawn 2 6 16
Spawn 2 5.8 15.9
Spawn 2 6.2 15.9
BarrierMaker 1.6 13.3 1.4 13.3 1.2 13.1 1.2 12.9 1.4 12.7 1.6 12.7 1.8 12.9 1.8 13.1 1.6 13.3
BarrierMaker 1.8 12.1 1.2 12.1 1.2 12 1.4 11.5 1.6 11.5 1.8 12 1.8 12.1
BarrierMaker 2.1 11.1 2 11.1 1.8 10.9 1.8 10.7 2.3 10.7 2.3 10.9 2.1 11.1
BarrierMaker 2.4 17.1 1.9 16.3
BarrierMaker 1.4 17 0.600001 16.5
BarrierMaker 1.2 15.8 0.8 16.6
LoadoutZone 3 -6.7 11.6 -6.7 12.4 -6.4 12.4 -6.4 11.6
Spawn 3 -7.2 12.2
GoalZone 3 -9.4 7.8 -9.4 7.2 -9.9 7.3 -9.9 7.7
BarrierMaker -7.51092 12.4817 -7.51093 11.4817 -6.31093 11.4817 -6.31092 11.5817 -5.71093 11.6817 -5.71093 12.2817 -6.31093 12.3817 -6.31092 12.4817 -7.51092 12.4817
Teleporter -6 12 -4.3 8.1
BarrierMaker 1 8.5 0.5 8
BarrierMaker -2.5 11.5 -2.5 11.5 -5.5 8.5 -6.5 8.5 -7.5 9 -8.5 9 -9.5 8.5 -9.5 8 -10 7.9 -10 7.8 -10.5 7.8 -10.5 7.2 -9.99999 7.2 -10 7.1 -9.5 7 -9.5 6.5 -8.5 6 -7.5 6 -6.5 6.5 -5.5 6.5 -2.5 3.5
BarrierMaker -6.2 7.5 -5.3 7.5 -5.1 7.7 -4.8 7.7
BarrierMaker -7.2 8.1 -7.5 7.5
BarrierMaker -8.6 6.5 -8.4 6.9
BarrierMaker -8.8 7 -8.8 7.8
BarrierMaker -9.2 8.2 -8.6 8.2
BarrierMaker -2.5 10.5 -2.6 10.5 -4.5 8.6 -4.5 8.5 -2.5 8.5 -2.5 10.5
BarrierMaker -4.5 6.5 -2.5 6.5 -2.5 4.5 -2.6 4.5 -4.5 6.4 -4.5 6.5
Teleporter -10.2 7.5 4 6.4
BarrierMaker -0.5 8 -0.5 7 -0.199999 6.7 -0.199999 6.5 -0.699998 6
BarrierMaker -0.499999 9 -0.899999 9 -0.899999 9.5 -1.5 9.5
BarrierMaker -1.5 8.6 -1.1 8.2 -1.1 7.8 -1.5 7.4
BarrierMaker -2.1 7.1 -1.3 6.3 -1.3 6.1 -1.9 5.5
Spawn 3 -7.2 11.8
Spawn 3 -7 12
Spawn 3 -6.9 11.8
Spawn 3 -6.9 12.2
BarrierMaker -4.3 7.6 -4.3 7.4 -4.1 7.2 -3.9 7.2 -3.7 7.4 -3.7 7.6 -3.9 7.8 -4.1 7.8 -4.3 7.6
BarrierMaker -3.1 7.8 -3.1 7.2 -3 7.2 -2.5 7.4 -2.5 7.6 -3 7.8 -3.1 7.8
BarrierMaker -2.1 8.1 -2.1 8 -1.9 7.8 -1.7 7.8 -1.7 8.3 -1.9 8.3 -2.1 8.1
BarrierMaker -8.1 8.4 -7.3 7.9
BarrierMaker -8 7.4 -7.5 6.6
BarrierMaker -6.8 7.2 -7.6 6.8
RepairItem -0.3 4.9
RepairItem 4.1 5.7
RepairItem 3.3 10.1
RepairItem -1.1 9.3
